0.189432,0.633474,16.018484,1.000000,1.000000,1.000000,0.000000,0.000000,0.000000,0,0,1,0
1.799620,0.966579,14.296533,1.000000,1.000000,1.000000,0.000000,0.000000,0.000000,0,0,0,1
-0.016803,0.007581,10.380744,5.799997,0.030000,16.800026,0.000000,0.000000,0.000000,0,0,0,0
-0.036134,3.753886,17.738131,5.999997,8.299995,0.200000,0.000000,0.000000,0.000000,0,0,0,0
0.147758,0.566774,12.691368,1.000000,1.000000,1.000000,0.000000,0.000000,0.000000,0,0,0,0
-2.894925,3.909055,-2.332855,0.100000,7.999995,40.399956,0.000000,0.000000,0.000000,0,0,0,0
2.944259,3.925491,-2.363408,0.100000,7.949998,40.389988,0.000000,0.000000,0.000000,0,0,0,0
0.017827,0.952498,10.152061,6.099997,2.100000,3.099999,0.000000,0.000000,0.000000,0,0,0,0
-0.075309,0.015605,5.293808,1.300000,0.050000,1.300000,0.000000,0.000000,0.000000,1,0,0,0
0.009509,1.454148,0.801770,5.989994,3.000000,2.500000,0.000000,0.000000,0.000000,0,0,0,0
2.858958,6.048835,-7.971711,0.100000,1.000000,1.000000,0.000000,0.000000,0.000000,1,0,0,0
-2.821828,6.412329,-12.241902,0.100000,1.000000,1.000000,0.000000,0.000000,0.000000,1,0,0,0
0.032949,1.161876,-20.762798,6.099997,2.700000,3.499999,0.000000,0.000000,0.000000,0,0,0,0
0.014211,3.917311,-22.580097,5.999997,7.969994,0.100000,0.000000,0.000000,0.000000,0,0,0,0
-0.005719,2.881019,-22.402163,3.199999,0.800000,0.600000,0.000000,0.000000,0.000000,1,0,0,0
0.003135,0.595870,-0.806944,6.499996,1.000000,3.399999,0.000000,0.000000,0.000000,0,1,0,0
-0.006438,0.599928,-2.950634,6.399996,3.999998,2.100000,0.000000,0.000000,0.000000,0,0,0,0
0.001896,-0.025246,-11.553488,6.399996,0.100000,15.480040,0.000000,0.000000,0.000000,0,0,0,0
