4.0,15.0,4.0,1.000000,1.000000,1.000000,0.000000,0.000000,0.000000,0,0,0,0,1
0.189432,0.633474,16.018484,1.000000,1.000000,1.000000,0.000000,0.000000,0.000000,0,0,1,0,0
0.023696,4.697760,-22.152405,1.000000,1.000000,1.000000,0.000000,0.000000,0.000000,0,0,0,1,0
-0.016803,0.007581,10.380744,5.799997,0.030000,16.800026,0.000000,0.000000,0.000000,0,0,0,0,0
-0.036134,3.753886,17.738131,5.999997,8.299995,0.200000,0.000000,0.000000,0.000000,0,0,0,0,0
0.147758,0.566774,13.091370,1.000000,1.000000,1.000000,0.000000,0.000000,0.000000,0,0,0,0,0
-2.894925,3.909055,-2.832855,0.100000,7.999995,41.499939,0.000000,0.000000,0.000000,0,0,0,0,0
2.944259,3.925491,-2.763408,0.100000,7.949998,41.689968,0.000000,0.000000,0.000000,0,0,0,0,0
0.017827,1.152498,10.152061,6.099997,2.600000,3.099999,0.000000,0.000000,0.000000,0,0,0,0,0
-0.075309,0.015605,5.293808,1.300000,0.050000,1.300000,0.000000,0.000000,0.000000,1,0,0,0,0
0.009509,1.454148,0.801770,5.989994,3.000000,2.500000,0.000000,0.000000,0.000000,0,0,0,0,0
2.858958,6.048835,-7.971711,0.100000,1.000000,1.000000,0.000000,0.000000,0.000000,1,0,0,0,0
-2.821828,6.412329,-12.241902,0.100000,1.000000,1.000000,0.000000,0.000000,0.000000,1,0,0,0,0
0.032949,1.461876,-21.262800,6.099997,3.999999,4.899998,0.000000,0.000000,0.000000,0,0,0,0,0
0.014211,3.917311,-23.380100,5.999997,7.969994,0.100000,0.000000,0.000000,0.000000,0,0,0,0,0
-0.005719,3.781018,-20.702156,3.199999,0.800000,0.400000,0.000000,-0.000000,0.000000,1,0,0,0,0
1.103135,-0.704130,-1.506944,44.899887,1.000000,87.699234,0.000000,0.000000,0.000000,0,1,0,0,0
-0.006438,0.599928,-2.950634,6.399996,3.999998,2.100000,0.000000,0.000000,0.000000,0,0,0,0,0
0.001896,-0.025246,-11.553488,6.399996,0.100000,15.480040,0.000000,0.000000,0.000000,0,0,0,0,0
