4.0,15.0,4.0,1.000000,1.000000,1.000000,0.000000,0.000000,0.000000,0,0,0,0,1
-1.225076,5.030305,-4.035895,1.000000,1.000000,1.000000,0.000000,0.000000,0.000000,0,0,1,0,0
19.962029,7.424942,2.871561,1.000000,1.000000,1.000000,0.000000,0.000000,0.000000,0,0,0,1,0
1.483753,2.859262,-4.013839,9.099998,2.899999,3.499999,0.000000,0.000000,0.000000,0,0,0,0,0
9.556582,1.986843,-4.421474,4.699998,4.999998,3.799999,0.000000,0.000000,0.000000,0,0,0,0,0
10.311236,0.732705,-3.909646,68.299530,1.000000,50.599800,0.000000,0.000000,0.000000,0,1,0,0,0
9.825223,4.869950,-3.405267,0.400000,1.000000,1.000000,0.000000,0.000000,0.000000,1,0,0,0,0
19.460770,2.340420,-4.610743,3.199999,3.499999,3.699999,0.000000,0.000000,0.000000,0,0,0,0,0
20.738081,6.573277,-9.038976,4.399998,11.100006,3.599999,0.000000,0.000000,-0.000000,0,0,0,0,0
20.706793,3.671468,1.748338,4.499998,6.099997,4.199998,0.000000,0.000000,0.000000,0,0,0,0,0
20.890074,9.751879,-7.581954,1.000000,2.200000,1.000000,0.000000,0.000000,0.000000,1,0,0,0,0
