-19.625769,28.621138,-10.824478,1.000000,1.000000,1.000000,0.000000,0.000000,0.000000,0,0,0,0,1
0.332208,4.538315,-26.058365,1.000000,1.000000,1.000000,0.000000,0.000000,0.000000,0,0,1,0,0
8.459046,4.049671,27.533051,1.000000,1.000000,1.000000,0.000000,0.000000,0.000000,0,0,0,1,0
0.010574,0.072063,-0.045064,56.599709,1.000000,63.699600,0.000000,0.000000,0.000000,0,1,0,0,0
0.417274,1.903359,-24.447844,4.799998,4.499998,4.799998,0.000000,0.000000,0.000000,0,0,0,0,0
8.053492,9.607776,-13.643376,3.299999,19.400038,7.899995,0.000000,0.000000,0.000000,0,0,0,0,0
5.209341,7.186250,10.278956,2.500000,13.000013,15.800024,0.000000,0.000000,0.000000,0,0,0,0,0
12.209263,7.186250,10.278956,2.700000,13.000013,15.800024,0.000000,0.000000,0.000000,0,0,0,0,0
8.652169,12.585421,10.273952,4.409998,2.200000,15.790024,0.000000,0.000000,0.000000,0,0,0,0,0
8.481248,2.043315,-4.163824,3.899998,3.199999,2.999999,0.000000,0.000000,0.000000,0,0,0,0,0
8.817381,11.868488,5.173706,1.000000,1.000000,1.000000,0.000000,0.000000,0.000000,1,0,0,0,0
8.753110,11.847082,12.328481,1.000000,1.000000,1.000000,0.000000,0.000000,0.000000,1,0,0,0,0
8.463238,1.425938,24.095860,3.299999,3.499999,8.299995,0.000000,0.000000,0.000000,0,0,0,0,0
7.872182,10.004771,-17.888357,1.000000,1.000000,1.000000,0.000000,0.000000,0.000000,1,0,0,0,0
8.730313,11.754208,17.515816,1.000000,1.000000,1.000000,0.000000,0.000000,0.000000,1,0,0,0,0
