-22.390966,78.517372,-38.406639,1.000000,1.000000,1.000000,0.000000,0.000000,0.000000,0,0,0,0,1
0.584185,4.642184,-26.250025,1.000000,1.000000,1.000000,0.000000,0.000000,0.000000,0,0,1,0,0
0.641795,60.217907,-9.157693,1.000000,1.000000,1.000000,0.000000,0.000000,0.000000,0,0,0,1,0
0.010574,0.072063,-0.045064,56.599709,1.000000,63.699600,0.000000,0.000000,0.000000,0,1,0,0,0
0.417274,1.903359,-24.447844,4.799998,4.499998,4.799998,0.000000,0.000000,0.000000,0,0,0,0,0
-0.003902,29.575678,-8.711989,9.600000,59.799660,10.200003,0.000000,0.000000,0.000000,0,0,0,0,0
0.374372,7.169095,-14.449462,1.000000,1.000000,1.000000,0.000000,0.000000,0.000000,1,0,0,0,0
5.184844,14.512584,-14.152984,1.000000,1.000000,1.000000,0.000000,0.000000,0.000000,1,0,0,0,0
6.015892,7.096856,-9.122762,2.500000,3.099999,3.799999,0.000000,0.000000,0.000000,0,0,0,0,0
4.337655,13.027433,-3.121964,1.000000,1.000000,1.000000,0.000000,0.000000,0.000000,1,0,0,0,0
-4.224929,25.185476,-3.286233,1.000000,1.000000,1.000000,0.000000,0.000000,0.000000,1,0,0,0,0
4.152486,39.712795,-3.222859,1.000000,1.000000,1.000000,0.000000,0.000000,0.000000,1,0,0,0,0
-5.497058,39.506882,-2.924066,2.899999,3.299999,2.999999,0.000000,0.000000,0.000000,0,0,0,0,0
-4.649091,41.358440,-3.313519,0.200000,1.000000,0.700000,-0.000000,0.000000,0.000000,1,0,0,0,0
-4.269780,33.610111,-11.726232,3.999999,3.999998,6.799996,0.000000,0.000000,0.000000,0,0,0,0,0
0.637061,45.577667,-14.635594,1.000000,1.000000,1.000000,0.000000,0.000000,0.000000,1,0,0,0,0
-0.106290,46.934879,-15.014174,6.199996,3.299999,2.400000,0.000000,0.000000,0.000000,0,0,0,0,0
5.373268,34.868572,-14.284722,2.500000,3.799999,2.300000,0.000000,0.000000,0.000000,0,0,0,0,0
5.324060,50.355564,-13.404893,1.000000,1.000000,1.000000,0.000000,0.000000,0.000000,1,0,0,0,0
6.247320,53.005527,-10.858401,2.899999,4.299998,5.899997,0.000000,0.000000,0.000000,0,0,0,0,0
7.042143,55.627106,-13.222742,1.000000,1.000000,1.000000,0.000000,0.000000,0.000000,1,0,0,0,0
