1
-1.723142,43.948452,15.727545,1.000000,1.000000,1.000000,0.000000,0.000000,0.000000,0,0,0,0,1,0,0.000000,0.000000,0.000000,0.000000,0
-0.282097,14.811163,-15.715662,1.000000,1.000000,1.000000,0.000000,0.000000,0.000000,0,0,1,0,0,0,0.000000,0.000000,0.000000,0.000000,0
4.287544,24.490404,40.653236,1.000000,1.000000,1.000000,0.000000,0.000000,0.000000,0,0,0,1,0,0,0.000000,0.000000,0.000000,0.000000,0
0.010574,0.072063,11.054942,200.000000,1.000000,200.000000,0.000000,0.000000,0.000000,0,1,0,0,0,0,0.000000,0.000000,0.000000,0.000000,0
-4.671401,20.000000,-6.839455,1.000000,1.000000,1.000000,0.000000,0.000000,0.000000,1,0,0,0,0,0,0.000000,0.000000,0.000000,0.000000,0
3.893336,20.000000,2.933989,1.000000,1.000000,1.000000,0.000000,0.000000,0.000000,1,0,0,0,0,0,0.000000,0.000000,0.000000,0.000000,0
-4.792536,20.000000,11.845861,1.000000,1.000000,1.000000,0.000000,0.000000,0.000000,1,0,0,0,0,0,0.000000,0.000000,0.000000,0.000000,0
3.758771,20.000000,21.719715,1.000000,1.000000,1.000000,0.000000,0.000000,0.000000,1,0,0,0,0,0,0.000000,0.000000,0.000000,0.000000,0
-5.801098,20.000000,30.343975,1.000000,1.000000,1.000000,0.000000,0.000000,0.000000,1,0,0,0,0,0,0.000000,0.000000,0.000000,0.000000,0
3.988264,20.000000,40.612579,1.000000,1.000000,1.000000,0.000000,0.000000,0.000000,1,0,0,0,0,0,0.000000,0.000000,0.000000,0.000000,0
-0.291891,-13.390023,-15.718731,4.299998,55.399727,4.399998,0.000000,0.000000,0.000000,0,0,0,0,0,0,0.000000,0.000000,0.000000,0.000000,0
