13.394352,42.653061,-15.407360,1.000000,1.000000,1.000000,0.000000,0.000000,0.000000,0,0,0,0,1
0.332208,4.538315,-26.058365,1.000000,1.000000,1.000000,0.000000,0.000000,0.000000,0,0,1,0,0
-13.301602,46.738152,0.757208,1.000000,1.000000,1.000000,0.000000,0.000000,0.000000,0,0,0,1,0
0.010574,0.072063,-0.045064,56.599709,1.000000,63.699600,0.000000,0.000000,0.000000,0,1,0,0,0
0.417274,1.903359,-24.447844,4.799998,4.499998,4.799998,0.000000,0.000000,0.000000,0,0,0,0,0
-5.970803,19.521252,-14.878244,3.699999,46.799858,4.099998,0.000000,0.000000,0.000000,0,0,0,0,0
-4.390273,13.615589,-15.046831,1.000000,1.000000,1.000000,0.000000,0.000000,0.000000,1,0,0,0,0
6.920567,12.659768,-5.409286,3.699999,24.500057,2.899999,0.000000,0.000000,0.000000,0,0,0,0,0
5.377847,22.489672,-5.331826,1.000000,1.000000,1.000000,0.000000,0.000000,0.000000,1,0,0,0,0
-5.781320,33.022934,-13.088101,1.000000,1.000000,1.000000,0.000000,0.000000,0.000000,1,0,0,0,0
-13.221593,23.004816,-0.255199,2.799999,46.399864,2.999999,0.000000,0.000000,0.000000,0,0,0,0,0
-13.278049,45.140766,-1.561499,1.000000,1.000000,1.000000,0.000000,0.000000,0.000000,1,0,0,0,0
