0
-23.815222,74.933632,-39.937649,1.000000,1.000000,1.000000,0.000000,0.000000,0.000000,0,0,0,0,1,0,0.000000,0.000000,0.000000,0.000000,0
-3.723243,0.879441,0.059564,1.000000,1.000000,1.000000,0.000000,0.000000,0.000000,0,0,1,0,0,0,0.000000,0.000000,0.000000,0.000000,0
1.186348,30.359144,-23.173199,1.000000,1.000000,1.000000,0.000000,0.000000,0.000000,0,0,0,1,0,0,0.000000,0.000000,0.000000,0.000000,0
0.075005,-25.007917,-0.165232,13.150011,50.009960,10.700005,0.000000,0.000000,0.000000,0,0,0,0,0,0,0.000000,0.000000,0.000000,0.000000,0
-1.500906,-10.455443,-0.493436,200.000000,1.600000,200.000000,0.000000,0.000000,0.000000,0,1,0,0,0,0,0.000000,0.000000,0.000000,0.000000,0
24.783901,-0.168206,-0.271291,3.009999,0.200000,3.009999,0.000000,0.000000,0.000000,0,0,0,0,0,1,1.500000,8.343855,-0.168206,-0.271291,0
30.061901,-25.002625,-7.295523,7.199996,50.009808,22.300049,0.000000,0.000000,0.000000,0,0,0,0,0,0,0.000000,0.000000,0.000000,0.000000,0
31.870678,-0.143526,-20.125036,3.009999,0.200000,3.000000,0.000000,0.000000,0.000000,0,0,0,0,0,1,1.500000,31.870678,14.946495,-20.125036,0
29.414848,-20.101845,-28.600338,19.250050,70.099503,13.600016,0.000000,0.000000,0.000000,0,0,0,0,0,0,0.000000,0.000000,0.000000,0.000000,0
30.068991,1.002173,-15.691881,7.399996,2.000000,0.500000,0.000000,0.000000,0.000000,0,0,0,0,0,1,1.000000,33.568974,1.002173,-15.691881,1
22.173828,15.035142,-28.157587,3.009999,0.200000,3.009999,0.000000,0.000000,0.000000,0,0,0,0,0,1,1.000000,22.173828,23.885181,-28.157587,1
4.518095,-10.906538,-27.375507,7.799995,80.009354,10.400003,0.000000,0.000000,0.000000,0,0,0,0,0,0,0.000000,0.000000,0.000000,0.000000,0
7.859876,29.580593,-27.631212,1.000000,1.000000,1.000000,0.000000,0.000000,0.000000,1,0,0,0,0,0,0.000000,0.000000,0.000000,0.000000,0
